4294967279,98
4294967279,97
4294967279,96
4294967279,95
4294967279,94
4294967279,93
4294967279,92
4294967279,91
4294967279,90
4294967279,89
4294967279,87
4294967279,86
4294967279,85
4294967279,84
4294967279,83
4294967279,82
4294967279,81
4294967279,80
4294967279,79
4294967279,78
4294967279,77
4294967279,76
4294967279,75
4294967279,74
4294967279,73
4294967279,72
4294967279,403
4294967294,104
4294967294,106
4294967294,166
4294967294,24
4294967294,162
4294967294,1418
4294967294,451
4294967294,599
4294967294,422
4294967278,9
4294967278,8
4294967278,7
4294967278,6
4294967278,5
4294967278,4
4294967279,132
4294967279,131
4294967279,130
4294967279,129
4294967279,128
4294967279,127
4294967279,126
4294967279,125
4294967279,124
4294967279,123
4294967279,122
4294967279,121
4294967279,120
4294967279,119
4294967279,118
4294967279,117
4294967279,116
4294967279,115
4294967279,114
4294967279,113
4294967279,112
4294967279,111
4294967279,110
4294967279,109
4294967279,108
4294967279,107
4294967279,106
4294967279,105
4294967279,104
4294967279,103
4294967279,102
4294967279,101
4294967279,100
4294967279,99
4294967294,18
4294967294,127
4294967294,14
4294967294,126
4294967294,20
4294967294,13
4294967279,402
4294967279,401
4294967279,400
4294967294,30
4294967294,61
4294967294,427
4294967294,68
4294967294,12
4294967294,11
4294967278,132
4294967278,126
4294967278,124
4294967278,123
4294967278,117
4294967278,115
4294967278,114
4294967278,113
4294967278,112
4294967278,110
4294967278,107
4294967278,105
4294967278,104
4294967278,103
4294967278,102
4294967278,101
4294967278,100
4294967278,99
4294967278,98
4294967278,96
4294967278,95
4294967278,94
4294967278,93
4294967278,89
4294967278,86
4294967278,85
4294967278,84
4294967278,83
4294967278,82
4294967278,81
4294967278,80
4294967278,78
4294967278,77
4294967278,76
4294967278,75
4294967278,74
4294967278,73
4294967278,72
4294967278,70
4294967278,69
4294967278,68
4294967278,67
4294967278,66
4294967278,65
4294967278,64
4294967278,63
4294967278,61
4294967278,60
4294967278,59
4294967278,58
4294967278,57
4294967278,56
4294967278,53
4294967278,51
4294967278,50
4294967278,49
4294967278,45
4294967278,42
4294967278,40
4294967278,38
4294967278,36
4294967278,35
4294967278,34
4294967278,31
4294967278,29
4294967278,28
4294967278,27
4294967278,26
4294967278,25
4294967278,24
4294967278,275
4294967278,23
4294967278,22
4294967278,21
4294967278,284
4294967278,20
4294967278,19
4294967278,18
4294967278,17
4294967278,16
4294967278,15
4294967278,14
4294967278,281
4294967278,13
4294967278,12
4294967278,11
4294967278,10
4294967279,21
4294967279,19
4294967279,17
4294967279,16
4294967279,15
4294967279,288
4294967279,14
4294967279,11
4294967279,9
4294967279,8
4294967279,7
4294967279,6
4294967279,5
4294967279,399
4294967278,323
4294967278,43
4294967279,398
4294967294,476
4294967294,1024
4294967294,986
4294967294,185
4294967278,153
4294967278,322
4294967278,41
4294967279,397
4294967278,152
4294967278,321
4294967278,39
4294967279,396
4294967279,395
4294967278,320
4294967278,37
22,5
4294967278,148
22,4
22,3
22,2
22,1
4294967278,147
4294967279,394
4294967278,319
4294967278,33
4294967279,393
4294967278,318
4294967278,32
4294967279,392
4294967278,143
4294967278,142
4294967278,317
4294967278,30
4294967279,391
4294967278,141
4294967278,139
4294967279,137
4294967279,139
21,5
4294967278,138
21,4
4294967279,279
21,3
21,2
21,1
4294967279,278
4294967279,24
4294967279,277
4294967279,23
4294967279,276
4294967278,316
4294967279,22
4294967279,134
4294967294,392
4294967294,390
4294967294,114
4294967294,120
4294967279,390
4294967279,20
4294967279,274
4294967278,285
4294967279,18
4294967279,272
4294967279,271
20,4
20,3
20,2
20,1
4294967278,315
4294967279,270
4294967279,4
4294967279,13
4294967279,268
4294967278,314
4294967279,389
4294967279,12
4294967278,313
4294967279,266
4294967279,265
4294967279,388
4294967279,10
4294967279,264
4294967279,262
4294967279,258
19,6
4294967279,284
19,5
19,4
4294967279,259
19,3
19,2
19,1
4294967279,281
4294967278,312
4294967294,971
4294967294,41
4294967279,387
4294967278,311
4294967278,131
4294967278,310
4294967278,130
4294967279,386
4294967278,309
4294967278,129
4294967279,385
4294967294,44
4294967294,1022
4294967294,29
